554,24,99.89,1
468,6,85.15,2
34,13,22.69,3
854,16,48.32,1
469,2,90.53,2
181,12,79.85,2
755,29,55.85,2
890,3,50.52,1
359,16,97.22,2
440,23,17.49,3
313,21,14.47,1
847,28,70.19,2
369,24,46.07,3
776,3,80.23,3
621,3,12.82,1
593,12,30.53,1
172,26,84.53,3
91,23,91.82,2
648,8,98.74,1
823,28,86.50,3
649,18,53.10,2
237,8,72.98,3
426,2,95.45,1
43,25,25.79,3
367,17,68.36,2
519,5,29.22,2
107,25,37.04,2
695,21,84.91,2
324,27,12.32,1
590,2,96.30,2
541,15,72.85,1
966,5,75.16,2
496,22,42.97,3
275,7,98.17,1
902,4,65.55,2
741,10,13.80,2
660,7,11.20,2
786,9,92.47,2
840,28,98.11,1
214,28,55.17,2
4,9,79.00,2
864,14,58.57,2
671,24,44.43,2
672,24,36.85,2
21,8,63.88,3
322,24,33.13,1
106,2,48.89,3
934,29,35.91,2
194,26,74.68,2
497,4,18.24,1
8,28,69.59,2
944,17,90.14,3
960,11,53.61,3
120,24,67.02,2
689,8,60.45,2
29,23,29.38,3
458,22,69.53,2
89,16,51.88,3
244,21,27.04,3
318,3,91.82,3
570,10,57.67,2
652,18,60.19,2
413,13,91.23,2
824,8,30.38,2
738,13,40.48,2
512,7,22.60,2
485,7,69.65,2
678,23,84.17,1
73,6,64.86,2
319,19,58.79,1
733,27,50.88,2
27,27,79.86,2
247,25,80.62,3
98,26,55.89,3
889,17,36.50,3
93,7,38.26,2
667,19,75.33,2
69,20,54.29,1
145,22,40.84,2
896,28,80.79,3
441,19,60.33,2
385,23,46.14,2
200,12,64.65,3
129,16,41.08,2
620,5,43.11,1
281,12,41.23,2
836,7,77.39,2
695,3,86.55,1
237,21,30.99,3
124,8,85.59,2
530,13,53.47,3
413,2,55.09,2
617,29,20.99,3
887,25,97.46,1
601,21,17.19,1
371,30,71.76,2
485,3,21.14,3
524,23,15.89,1
392,8,51.45,2
449,8,60.44,2
352,28,57.95,3
752,22,36.88,2
991,14,45.35,1
498,21,85.69,1
685,28,35.21,2
756,23,82.03,1
981,21,35.47,1
679,26,39.49,3
372,20,29.11,3
293,15,74.71,3
728,3,16.01,1
464,18,68.12,3
957,28,74.63,1
707,7,78.85,2
707,30,72.66,2
796,11,74.00,2
177,30,28.17,2
361,23,75.19,3
357,26,75.35,3
910,4,47.68,2
264,25,91.56,2
973,5,50.07,1
977,16,54.67,3
311,18,14.72,3
557,24,62.30,1
365,5,81.86,1
155,23,47.18,2
417,15,92.76,3
876,9,55.07,3
119,14,19.76,1
228,21,84.47,2
360,21,73.51,2
195,22,39.61,2
647,5,60.30,1
287,5,10.99,2
446,23,14.85,1
96,24,39.80,2
172,5,16.30,1
206,28,75.69,3
775,8,87.95,2
505,18,49.09,3
110,14,23.36,2
216,7,92.49,2
526,6,84.41,1
224,10,67.16,1
377,13,28.94,3
504,12,94.42,3
393,20,68.49,1
730,22,32.98,3
92,12,88.92,3
359,16,96.69,2
692,17,59.28,1
781,15,59.01,2
198,20,76.75,2
340,7,93.47,2
619,30,48.04,3
287,21,21.79,1
493,21,20.11,2
991,21,63.46,3
175,9,35.48,2
978,22,83.81,2
567,27,30.11,1
588,20,29.26,2
243,20,44.10,1
358,7,31.64,1
152,11,48.07,3
411,10,35.55,1
338,6,60.63,2
434,5,85.36,2
383,7,84.75,2
66,4,91.03,1
500,20,43.39,2
741,12,74.27,3
470,1,97.22,2
335,14,29.17,3
866,25,39.82,2
146,28,83.93,2
270,26,88.19,1
61,16,52.73,2
386,5,98.94,2
939,3,99.43,2
288,9,22.95,1
567,28,27.08,3
208,7,23.94,2
710,27,39.98,2
570,2,58.77,2
117,4,87.29,2
219,25,89.74,2
509,24,49.81,2
16,19,51.90,2
900,6,84.07,2
255,13,70.60,2
790,12,10.31,1
599,20,97.11,3
65,4,73.41,2
455,6,42.83,2
651,13,28.49,3
1000,6,74.71,2
274,10,95.09,1
291,20,37.45,2
839,4,56.74,3
146,15,50.16,2
304,28,94.90,2
748,9,27.95,3
61,14,38.86,1
160,5,41.22,2
180,7,35.76,3
173,20,28.08,1
66,23,87.35,2
224,14,97.63,3
337,19,62.48,2
271,15,74.64,3
18,17,17.06,2
853,4,18.28,3
326,6,45.45,2
773,3,50.38,2
655,13,80.07,2
74,9,11.03,2
548,14,78.05,2
267,2,21.87,2
732,7,66.89,1
14,26,89.94,1
533,21,82.84,1
668,11,57.42,1
244,13,58.94,2
409,10,55.14,2
240,24,11.57,2
875,27,20.13,1
940,19,87.29,3
514,13,10.20,2
902,10,53.95,2
72,23,10.80,2
629,11,92.75,3
923,22,22.02,2
910,9,90.27,3
188,29,66.09,2
750,26,52.20,3
803,4,48.29,1
216,3,52.72,1
30,22,56.53,1
750,14,46.24,2
39,21,87.49,2
789,5,70.56,2
563,16,99.71,2
733,16,43.07,2
777,5,56.39,2
596,25,84.06,2
856,9,93.40,2
899,9,73.76,1
904,5,70.14,2
620,27,52.24,2
192,24,33.82,1
271,7,33.72,2
904,10,89.86,2
414,7,79.40,2
823,28,83.84,2
196,7,55.49,2
651,15,62.80,1
690,7,55.40,2
909,2,76.29,1
149,16,57.83,3
602,3,60.01,2
445,15,24.77,2
95,18,27.30,2
304,28,46.08,2
893,28,96.56,1
115,1,69.63,2
259,16,84.64,2
402,11,38.82,3
864,17,39.33,1
275,24,21.33,2
920,2,46.13,2
403,13,25.85,3
474,17,97.25,1
366,27,35.92,2
805,3,23.11,2
412,8,92.34,1
138,9,49.23,1
959,26,98.42,2
72,9,43.91,3
408,19,34.47,1
470,4,44.44,2
60,23,30.88,3
698,20,82.35,2
245,4,41.15,3
443,20,50.31,2
934,16,49.17,2
530,16,16.35,2
439,13,57.17,2
445,23,62.93,2
986,21,23.62,1
487,11,11.49,1
252,5,32.57,2
758,7,45.08,2
164,25,98.48,2
427,30,24.67,3
541,15,23.35,1
945,10,86.74,1
391,3,15.03,3
181,15,92.77,1
913,5,98.41,2
639,17,23.20,3
555,11,63.64,2
231,14,11.42,3
652,21,97.84,3
254,15,85.62,2
507,29,19.54,3
565,3,68.69,2
932,22,97.42,1
97,3,19.24,3
614,19,67.37,2
185,18,88.92,2
825,21,94.53,2
392,13,44.02,3
338,25,69.52,1
766,14,71.57,2
579,11,40.20,3
722,16,12.91,3
352,27,13.34,3
997,26,40.06,1
695,25,82.59,3
368,22,52.61,3
691,10,62.00,2
61,6,45.71,2
284,26,76.63,2
68,3,31.84,2
441,9,74.28,3
782,16,11.70,2
204,30,25.10,2
679,13,62.25,2
458,11,78.03,1
942,8,92.03,2
488,3,55.82,2
264,15,96.77,2
625,22,32.51,3
242,27,60.56,3
562,4,70.29,2
65,14,20.52,2
148,21,94.47,1
433,16,25.12,1
732,29,98.52,2
905,21,99.32,2
375,26,83.00,1
109,29,81.56,2
477,20,55.18,2
502,4,30.66,2
668,13,78.27,2
648,11,32.93,2
5,14,22.06,2
170,11,62.25,2
794,14,38.92,2
833,6,28.67,3
616,16,21.78,2
462,28,83.11,3
359,27,13.33,2
610,12,98.83,1
334,12,47.81,3
197,1,62.19,3
778,21,89.69,3
525,11,68.34,1
331,1,35.78,1
409,29,79.50,1
275,24,39.78,1
311,30,76.29,2
634,20,91.06,2
710,6,84.86,3
423,7,51.59,3
138,4,35.32,2
623,7,27.69,2
552,28,59.11,2
715,21,75.76,2
25,15,55.95,2
803,20,63.49,1
903,28,82.87,1
677,23,80.73,1
907,12,81.04,1
369,18,16.58,2
842,26,87.90,2
8,12,91.77,1
872,24,35.24,2
60,4,18.08,2
552,16,55.91,2
257,25,58.69,2
45,4,84.49,3
784,22,86.21,2
230,2,79.98,2
541,4,47.46,1
638,14,60.55,2
546,23,46.56,3
402,15,63.51,3
794,25,80.51,1
669,14,75.59,2
145,15,23.76,2
159,30,91.64,2
47,15,30.92,3
825,22,31.80,2
168,26,19.33,1
788,23,80.31,3
251,6,65.30,3
999,27,51.04,2
760,9,60.95,2
325,28,97.78,2
131,26,60.53,1
978,2,69.55,2
691,13,67.89,2
513,6,53.77,1
574,26,19.26,1
795,27,82.69,3
190,19,17.80,3
670,9,60.99,3
58,4,89.20,3
241,19,94.68,2
86,28,99.78,2
971,9,74.43,2
603,11,51.24,2
38,22,88.45,2
713,30,88.73,2
636,19,22.96,3
778,13,31.26,2
170,12,60.45,1
120,12,56.01,2
528,5,28.66,2
225,10,50.83,2
875,12,75.60,3
49,28,31.32,2
666,21,38.53,2
220,11,81.67,3
801,9,27.14,3
208,13,10.97,1
143,24,83.88,2
783,5,18.87,2
810,26,46.70,2
327,8,87.40,2
955,26,42.16,3
808,13,67.93,1
960,12,79.19,2
500,22,24.92,2
246,16,26.35,2
737,8,60.55,1
134,27,17.95,3
307,23,36.84,2
452,17,96.93,1
261,16,84.30,3
830,26,84.77,1
231,25,18.84,2
866,21,61.34,1
565,2,40.93,2
619,18,60.05,3
847,29,73.64,2
108,8,36.03,2
608,29,68.65,2
758,24,17.94,1
312,2,31.93,2
4,21,15.97,2
925,23,73.02,3
459,13,91.58,1
625,7,84.66,3
378,19,26.78,3
484,16,31.77,3
326,8,33.28,2
181,16,51.51,2
257,6,94.36,1
60,24,38.32,2
449,21,54.86,1
107,26,30.78,2
975,22,77.07,2
655,26,39.15,3
658,22,22.95,2
887,25,45.45,3
702,18,35.44,2
454,8,29.90,1
436,27,24.33,1
768,4,80.60,1
868,20,14.42,1
803,4,35.32,3
990,1,96.37,2
448,21,17.12,2
14,22,93.16,2
743,16,97.94,3
995,19,67.41,2
561,20,46.62,2
534,17,27.40,3
556,24,50.61,2
478,24,92.30,2
434,23,82.79,3
845,29,59.26,2
869,19,17.76,1
379,18,37.87,2
637,21,13.89,2
456,16,59.71,1
772,3,70.50,2
263,3,13.50,3
818,29,31.62,2
451,8,18.49,2
490,2,70.46,1
697,26,21.70,2
316,15,91.24,1
880,29,36.60,3
72,27,17.43,2
785,13,33.78,3
70,27,78.02,3
565,21,46.35,2
632,20,45.87,1
362,16,85.49,3
303,19,94.92,2
811,13,23.90,2
616,23,25.07,1
349,22,77.71,2
499,16,16.62,2
527,10,19.38,2
604,5,68.20,2
770,7,47.27,3
161,5,64.80,2
265,5,49.51,1
148,21,15.13,1
931,4,52.66,2
852,2,19.71,2
657,29,77.84,3
148,8,94.02,1
249,16,79.91,3
31,10,83.06,2
772,11,37.39,2
263,5,16.70,2
251,2,13.46,3
158,9,17.16,2
881,19,31.00,2
850,26,62.87,2
235,29,77.00,3
599,9,25.36,2
126,19,34.05,2
950,18,58.05,2
80,24,79.50,3
815,28,88.83,2
608,22,44.87,3
797,21,70.32,2
723,21,31.15,2
320,9,54.52,3
382,10,97.56,1
372,4,80.90,2
803,4,14.38,3
947,12,69.54,1
857,4,92.45,1
484,25,23.46,2
949,8,74.94,2
882,24,56.70,2
115,18,29.03,3
895,6,57.26,2
241,2,87.99,1
990,19,76.47,3
630,24,56.46,2
970,29,39.04,3
327,17,94.25,2
929,12,90.10,3
911,14,26.60,1
373,26,38.73,1
701,8,71.16,2
541,12,69.13,2
541,11,34.59,2
287,14,53.96,1
640,10,84.13,2
35,3,46.13,3
131,4,11.95,3
678,9,48.31,1
302,10,52.75,1
450,21,61.75,2
690,9,37.26,1
94,30,88.39,3
481,14,77.16,3
911,2,53.06,2
897,17,59.29,2
487,5,84.69,1
530,13,19.31,1
164,15,88.21,1
789,23,67.83,2
589,8,81.26,2
935,28,94.36,1
891,8,92.28,2
356,15,36.85,1
308,18,59.08,2
57,11,87.14,2
327,19,99.53,1
542,22,45.38,2
664,29,18.36,3
525,23,28.52,3
640,20,86.89,1
170,8,80.85,1
766,14,24.50,2
800,15,36.97,1
619,28,63.73,1
262,27,19.95,3
312,5,82.90,1
392,12,90.07,1
128,15,12.95,1
277,13,12.06,2
136,18,67.58,2
239,13,41.06,1
855,27,88.31,2
757,15,50.25,2
282,17,18.53,3
743,4,15.47,1
847,24,33.13,2
884,7,34.72,2
120,14,42.89,2
976,13,62.78,1
326,6,25.16,3
450,23,13.93,1
990,20,44.92,3
532,1,98.07,2
287,10,22.89,1
725,14,18.09,1
887,3,49.74,1
552,16,88.79,2
395,16,88.00,2
756,2,70.34,3
676,11,85.84,2
401,25,81.48,2
649,14,19.19,1
555,17,60.39,2
349,4,31.46,2
508,17,23.61,1
345,6,52.30,1
710,2,65.74,2
808,11,99.66,3
869,13,55.42,1
817,24,61.64,1
904,2,85.37,3
695,11,27.25,1
701,21,56.78,3
468,3,97.73,2
841,6,41.06,3
742,25,72.46,1
770,4,24.13,1
579,13,56.19,2
83,1,91.21,1
174,5,86.46,2
865,2,62.44,1
414,23,53.07,2
298,13,42.16,2
629,30,33.57,1
942,20,37.20,2
97,29,21.32,2
422,3,62.10,2
128,16,25.38,2
425,14,11.48,3
785,5,13.67,2
225,9,42.53,1
570,3,93.59,1
165,7,72.97,3
622,15,86.71,1
787,11,82.19,2
270,4,16.60,2
562,27,46.14,2
977,26,81.35,1
392,28,68.60,2
26,24,55.01,3
348,20,34.36,2
471,29,64.45,3
320,28,22.08,2
223,22,30.76,2
525,24,37.13,2
281,17,36.85,1
64,22,77.40,2
473,20,35.22,1
969,2,37.29,1
241,24,32.66,3
442,15,57.84,2
295,26,20.90,2
195,17,63.28,2
218,23,24.78,3
132,2,36.89,2
314,26,32.10,1
768,13,91.50,2
280,15,41.76,2
107,29,42.48,2
516,18,39.23,2
898,21,13.61,2
143,20,90.98,1
487,2,28.66,1
27,5,52.02,1
674,2,73.95,3
409,30,23.06,2
299,27,69.95,2
921,22,16.46,3
470,27,21.98,2
85,13,12.56,3
646,4,13.14,2
581,8,80.49,2
6,10,84.69,1
889,25,80.02,3
788,19,71.66,2
78,8,13.60,2
568,11,24.20,2
842,18,50.23,2
630,8,67.44,2
91,9,75.11,2
900,23,15.21,2
643,21,81.86,3
126,26,65.43,2
870,25,46.28,2
237,19,57.65,1
330,22,13.30,3
86,20,15.50,3
721,15,71.21,3
11,12,39.31,1
724,11,89.82,1
900,23,67.01,2
535,24,21.53,1
717,12,43.43,2
169,17,57.06,1
666,3,70.87,2
847,10,39.86,2
437,2,46.49,2
36,19,85.77,2
234,22,24.09,2
938,10,57.10,1
517,19,40.90,3
536,25,62.78,2
653,17,61.98,3
462,20,38.45,2
917,16,87.81,3
301,22,83.42,1
537,1,42.76,2
113,18,13.28,2
716,5,74.89,2
257,6,30.06,3
835,11,29.84,2
829,11,23.74,1
269,8,34.24,3
282,28,82.03,2
509,6,96.51,2
34,22,37.19,3
537,5,75.26,3
149,12,41.81,2
633,11,38.30,1
397,25,47.40,2
72,28,67.57,2
252,8,42.53,3
387,1,27.75,2
657,12,49.58,2
155,4,19.04,2
620,20,71.69,2
476,7,96.82,3
950,12,24.10,2
610,21,23.73,3
713,16,66.27,2
447,18,21.78,3
201,6,64.15,3
760,3,95.04,2
509,22,84.02,1
427,17,15.68,3
21,6,62.04,3
61,10,18.70,2
366,28,56.14,1
758,20,23.30,2
672,24,79.37,3
876,29,80.99,2
183,7,66.20,3
59,12,93.72,2
541,27,96.00,1
932,23,16.86,2
330,9,30.30,3
180,7,75.37,3
658,23,82.76,1
917,10,93.15,2
880,13,83.66,3
581,27,28.62,1
755,13,82.95,2
750,3,51.85,2
613,2,98.33,2
613,12,50.96,1
350,12,77.70,2
6,4,98.39,2
309,7,87.32,1
215,14,99.63,1
373,27,40.03,2
999,8,19.96,1
830,11,99.93,1
507,15,36.90,2
828,22,42.76,2
35,30,78.88,3
486,8,13.45,1
819,22,32.79,2
981,2,15.16,1
310,21,35.99,2
177,8,76.09,3
602,15,20.39,2
597,5,93.47,3
981,21,39.14,1
836,15,86.18,2
768,8,48.70,2
697,13,80.09,2
896,20,91.63,2
643,14,42.76,2
934,13,48.00,2
364,23,36.67,2
472,22,35.73,3
535,22,62.36,2
75,4,42.76,1
76,15,75.93,2
247,3,96.29,1
489,27,57.09,3
88,13,47.13,2
74,18,27.27,2
590,6,49.30,2
104,21,29.06,2
768,28,47.90,2
270,15,11.23,2
62,16,30.53,1
958,5,36.03,3
694,21,30.06,1
187,12,77.61,2
946,29,59.24,3
256,6,53.43,1
520,7,89.86,3
434,20,32.55,2
439,19,31.88,2
255,11,47.57,1
183,1,50.41,2
218,7,39.22,3
989,10,50.82,3
987,16,35.21,1
519,16,64.87,3
386,23,57.47,2
317,16,53.22,1
757,5,84.39,3
784,4,92.12,2
512,2,57.13,3
570,8,44.77,2
927,8,31.59,2
598,17,89.98,2
509,28,60.19,1
161,22,83.66,2
491,6,40.08,1
779,23,70.99,2
282,19,56.72,2
751,19,59.43,2
928,2,64.68,2
610,27,65.72,3
912,17,19.58,3
901,2,31.93,3
847,15,67.76,1
998,23,38.61,1
885,18,62.97,2
877,12,95.33,2
911,28,41.46,2
55,11,71.39,2
838,20,69.70,3
122,28,82.17,1
552,17,61.32,2
577,7,48.94,3
360,26,92.31,3
882,22,52.37,2
964,25,56.14,1
951,11,62.81,1
316,8,42.91,1
499,5,82.40,3
888,1,59.09,1
953,10,47.21,2
208,12,66.91,1
856,30,29.39,1
681,2,85.18,2
968,22,42.54,3
74,9,25.40,2
491,9,35.33,1
164,14,39.98,2
120,2,51.48,3
422,25,21.48,2
860,13,16.29,2
762,13,64.65,2
799,21,72.63,2
694,15,35.23,2
274,3,71.72,1
429,13,12.22,2
124,12,86.62,3
773,24,62.59,2
983,15,58.69,2
854,14,80.21,2
785,2,39.87,2
19,23,82.92,3
932,15,86.29,2
453,27,34.50,2
821,17,50.79,2
342,9,80.46,1
664,4,84.99,2
648,18,39.51,1
793,18,73.55,1
810,17,74.49,2
897,13,26.06,3
934,22,79.66,3
874,22,54.43,3
297,7,23.30,2
250,15,26.05,1
223,8,87.14,1
344,2,85.66,3
655,22,97.00,2
634,12,21.24,2
979,14,10.91,2
3,25,61.79,2
932,12,14.06,2
808,30,47.26,2
640,15,52.06,3
983,25,53.67,2
123,17,96.65,2
583,16,88.58,2
817,14,30.44,2
486,19,94.88,3
946,17,39.80,3
196,7,83.20,1
787,9,87.52,1
912,12,55.78,2
173,27,29.30,2
343,1,37.24,1
769,6,70.66,3
916,2,10.00,3
974,26,23.45,2
368,15,24.71,2
477,30,73.51,2
862,19,58.62,2
813,23,33.53,2
115,17,27.18,3
472,27,17.86,3
194,28,16.71,2
372,13,98.14,1
942,17,18.57,3
785,4,31.66,2
217,21,87.55,3
7,5,86.22,1
389,4,69.99,2
343,7,48.39,2
784,23,49.33,3
247,9,94.00,2
15,12,69.56,3
653,3,22.71,3
396,27,59.37,3
825,27,40.58,1
882,30,92.31,2
303,15,87.36,2
213,22,60.93,3
741,13,37.46,2
219,15,25.12,2
723,18,66.42,3
473,29,87.55,2
862,3,46.72,3
725,7,21.66,3
746,26,99.79,2
823,6,69.86,1
562,10,43.08,1
47,5,32.45,1
445,29,84.00,2
58,16,90.03,1
887,12,94.70,2
905,25,74.83,3
759,2,44.31,2
771,7,48.69,3
766,14,47.81,2
401,9,28.13,3
409,29,43.06,1
418,24,49.41,3
751,2,30.10,3
952,1,78.74,2
587,30,29.36,3
281,14,15.73,2
792,6,17.87,2
420,7,60.26,2
947,16,35.02,1
856,20,25.71,1
549,19,42.06,1
874,25,73.79,2
361,2,41.83,3
143,7,59.03,2
739,28,87.97,1
533,26,93.05,3
978,6,15.06,2
340,22,11.62,3
20,17,93.85,3
352,21,39.77,2
61,6,58.28,1
465,28,22.86,3
903,20,93.19,1
779,9,13.95,1
101,11,14.51,3
370,29,80.26,3
211,11,95.92,1
172,25,94.22,2
736,24,88.59,3
675,16,26.74,2
558,8,23.25,2
368,3,23.27,3
935,7,15.87,1
113,13,15.39,1
380,17,11.44,1
919,3,83.26,2
980,6,62.18,2
773,15,16.85,2
986,18,49.30,3
491,18,56.31,2
725,11,30.13,2
773,30,44.16,1
157,22,74.41,1
911,30,95.00,2
